-3.5 2.1
-3.4000000285714203 2.0000000023809523
-3.3303214741235556 1.9310344862855815
-3.2739490264966262 1.875610155163755
-3.225476546626284 1.8282087777382139
-3.18238334320008 1.7862658596740113
-3.1432556647696255 1.7483458522483235
-3.107207429127437 1.7135501365433847
-3.073640186374992 1.6812723148193225
-3.042127375233556 1.6510804204363654
-3.012352304279413 1.622653884973007
-2.984072221445499 1.5957470572262347
-2.957096203014638 1.570166771607266
-2.9312708761883837 1.5457578732463002
-2.9064708302764015 1.5223935018661068
-2.88259196239877 1.4999683522095086
-2.8595467298453445 1.4783938674114172
-2.8372606812814314 1.457594728257546
-2.8156698695157796 1.4375062353996182
-2.794718886618732 1.4180723217480402
-2.774359347688957 1.3992440190192081
-2.754548704099358 1.38097825771737
-2.7352493027402467 1.3632369160088984
-2.716427631676412 1.3459860571654747
-2.6980537089718797 1.3291953118035775
-2.680100582813666 1.3128373726708233
-2.6625439191238036 1.2968875778887425
-2.645361658643897 1.2813235644279235
-2.6285337297028053 1.2661249778689256
-2.6120418060001764 1.2512732276616831
-2.5958691010724895 1.2367512794574202
-2.580000192872131 1.2225434778713864
-2.564420873236694 1.2086353943967654
-2.549118018063571 1.1950136962396973
-2.5340794748118345 1.181666032661306
-2.5192939645860095 1.1685809360521928
-2.50475099655604 1.1557477354700465
-2.490440792865372 1.1431564807729486
-2.4763542224976325 1.130797875802921
-2.4624827428291813 1.118663219333826
-2.448818347803153 1.1067443527082546
-2.435353521830524 1.0950336132597613
-2.4220811986631356 1.083523792757654
-2.408994724598509 1.0722081002276396
-2.3960878254714637 1.061080128597811
-2.3833545769667985 1.0501338246994958
-2.3707893778534967 1.0393634622193917
-2.358386925796523 1.0287636172555785
-2.3461421954491244 1.0183291461773218
-2.3340504185681943 1.0080551655286278
