-3.5 2.1
-3.40000090349974 2.0000000752922684
-3.3000875960429514 1.9001569745824167
-3.2003210284775947 1.8005867753407798
-3.10076456960862 1.7014145821852558
-3.0014840098364965 1.6027748033423115
-2.902547491943448 1.504811354701949
-2.8040254166383716 1.4076777739590105
-2.705990329590664 1.3115372205636107
-2.608516791238407 1.216562333486335
-2.5116812294459394 1.1229349158613964
-2.415561774746113 1.0308454135097627
-2.3202380778107394 0.9404921535837031
-2.225791108795594 0.8520803106424193
-2.1323029382598624 0.7658205709352185
-2.039856499451102 0.6819274720773206
-1.948535331872753 0.6006174050814158
-1.8584233062124582 0.522106279057593
-1.7696043309071854 0.446606865672738
-1.6821620408563331 0.37432586007266755
-1.5961794690665847 0.30546071629918875
-1.511738702320788 0.24019633664366832
-1.4289205223043657 0.17870171381323213
-1.3478040339915298 0.12112663998141407
-1.268466283482661 0.06759860558612615
-1.1909818678842616 0.01822001141648283
-1.1154225402225757 -0.026934190810352233
-1.0418568127682304 -0.06781833140100174
-0.9703495625076785 -0.10441725602243082
-0.9009616428125756 -0.1367469164773669
-0.8337495056151469 -0.16485430859891814
-0.7687648385812997 -0.18881677883623946
-0.7060542218703989 -0.20874074934403386
-0.6456588090701446 -0.224759933716843
-0.5876140367888505 -0.23703313057484598
-0.5319493671712828 -0.24574168965006
-0.4786880672779695 -0.2510867453717871
-0.4278470288358956 -0.2532863074115677
-0.3794366313396523 -0.25257228781673824
-0.33346065086952126 -0.24918753194863894
-0.289916216313532 -0.24338290704313667
-0.24879381395403302 -0.23541448915381566
-0.21007734062760372 -0.22554087749848056
-0.17374420491293968 -0.21402065541973056
-0.13976547506720743 -0.20111000957046946
-0.10810607173850895 -0.18706051355286737
-0.07872500284945658 -0.17211707887939778
-0.051575637490261325 -0.1565160744582213
-0.02660601519132107 -0.14048361543038376
-0.0037591865731582096 -0.12423402267778591
