-3.5 2.1
-3.465 1.6800000000000002
-3.39885 0.966
-3.3053265 0.13019999999999976
-3.188102085 -0.6480600000000004
-3.0507190906500004 -1.2188820000000007
-2.8965672048285005 -1.4888454000000007
-2.7288648355408656 -1.4340433800000005
-2.550644054826585 -1.0979128860000005
-2.364738911635467 -0.5758128642000002
-2.1737768936471062 0.00923972826000008
-1.9801733085211104 0.5339391158220004
-1.786128348822503 0.8993807414634005
-1.5936266016055314 1.0484020562479806
-1.4044387630942015 0.9728408283045065
-1.2201253208030627 0.7102675574944785
-1.042041969533007 0.3318981022665575
-0.8713465336946269 -0.07501402789188283
-0.7090071761031385 -0.42623213945610255
-0.5558116825097674 -0.6570820119726798
-0.41237762145063583 -0.7334304948430633
-0.27916319028291103 -0.6554580304577958
-0.15647857032912962 -0.4541912064194959
-0.04449762666743505 -0.18221282350112677
0.05673019889476441 0.09901028582563076
0.1472679399117963 0.3323090270545864
0.22727922742800702 0.47581608874972925
0.2970165939183166 0.5098092265254119
0.35681005782041203 0.43844120521844393
0.40705607475409383 0.28652174499848393
0.4482069292468665 0.09248988180082313
0.48076062899789324 -0.10063677143723623
0.5052513524838383 -0.2543234050640424
0.5222404900963505 -0.3417766943153595
0.532308309046648 -0.352129315778473
0.5360462630114493 -0.2910208119395805
0.534049958949656 -0.17781899609666119
0.5269127857045455 -0.040373562618701564
0.5152202019269005 0.09140204003520241
0.4995446745077511 0.1917196744166755
0.48044125308543906 0.24366161047666618
0.4584437612745038 0.24167703083532455
0.43406158103191705 0.19155550299105217
0.4077770030032698 0.1081350273329966
0.3800431127474546 0.011429593774147262
0.35128218038974635 -0.07789121518364658
0.32188451946391144 -0.14270170020893175
0.29220777943602094 -0.17249079668990203
0.26257663561655925 -0.16480282418479486
0.23328283982287815 -0.12492308409323946
