-3.5 2.1
-3.4335 1.302
-3.3399134999999998 0.46703999999999996
-3.2231287935 -0.22753920000000014
-3.0868423320735 -0.6821283840000002
-2.9345426716217538 -0.8730069196800001
-2.76949824744303 -0.8358380814336002
-2.5947486830253568 -0.6419089016094721
-2.4130993342989564 -0.37389811181420557
-2.227118771240744 -0.1061507207987725
-2.0391389018434696 0.10785754489209383
-1.8512574491920633 0.24037198721109881
-1.6653425003877396 0.2877079882385626
-1.4830388559992098 0.264248311330624
-1.3057759202890376 0.19450768169078342
-1.134776885368384 0.10539289201194155
-0.9710689764003976 0.02015166504078708
-0.8154945397459178 -0.04525235138660155
-0.668722771289317 -0.08329277293700106
-0.5312618978815926 -0.09402332186588849
-0.4034716406964942 -0.08294465272150975
-0.2855758051376066 -0.0583790803932551
-0.17767485760326165 -0.029016052238260735
-0.07975836477412766 -0.0020714615190126438
0.008282813984372004 0.01774293610264851
0.0866446761183515 0.02846071516971484
0.15559864851854371 0.03048537306405963
0.21548065144192954 0.025846052135175948
0.26668070953224704 0.01733653063934451
0.30963315419539744 0.007742369034476975
0.34480745084831044 -0.0007139011279230474
0.3726996746575728 -0.006659635419266454
0.3938246493250499 -0.009608637025180415
0.4087087552605215 -0.009810190776402383
0.41788340609642144 -0.007993271322001725
0.4218791859302441 -0.005086435050432906
0.4212206339028776 -0.001976225924816775
0.4164216577074653 0.0006583698305901944
0.4079815533402783 0.0024236048083651736
0.3963816048157119 0.0032098530306901235
0.38208223463216606 0.003133981144626063
0.3655206734523051 0.0024525571577347265
0.3471091157065259 0.0014714204556260189
0.3272333265979714 0.00047071793898254563
0.3062516652362696 -0.00034393146079726407
0.2844944883106306 -0.0008616927364792743
0.26226389878678 -0.001062142307674467
0.2398338045331613 -0.0009940375374001122
0.2174502525078554 -0.0007461945953225542
0.1953320051282293 -0.0004185087579622017
