-3.5 2.1
-2.500002857134694 1.1000002380951819
-1.9168316043813944 0.6341619526883624
-1.506930891735798 0.37357372915429937
-1.1988175117349966 0.22109642977268537
-0.9596188352562398 0.1307701632325344
-0.7706497227407951 0.07715368795791894
-0.6198717600553287 0.04537695024924319
-0.49887808479922524 0.02659703072063581
-0.40147612462360294 0.015534680461975842
-0.32293956368898835 0.009041016359174519
-0.2595756186483935 0.005242762216457993
-0.2084546558880659 0.0030291157412609686
-0.16722974082219733 0.0017436928947500028
-0.13400938268217888 0.00100001918823411
-0.10726374169004707 0.0005713688956760611
-0.0857531356645555 0.0003252223333884158
-0.06847219994215122 0.00018441024497395188
-0.05460553036731742 0.00010416357418081003
-0.04349204986473216 5.860813327323257e-05
-0.0345961773020742 3.2847017357794034e-05
-0.027484399080013735 1.8336425558173826e-05
-0.021806185376382018 1.0195265992681177e-05
-0.017278428136002316 5.645882469063967e-06
-0.013672747645498315 3.113856096277302e-06
-0.010805142046323917 1.7103402120173067e-06
-0.008527552956690113 9.355507544655711e-07
-0.0067209987071656764 5.096082779355953e-07
-0.00528998976431495 2.7642227700865814e-07
-0.0041579922128728505 1.493000645401695e-07
-0.00326374714861416 8.02934374614783e-08
-0.0025582883158665965 4.2994775006626974e-08
-0.0020025286966755683 2.2921820980552654e-08
-0.0015653101203889745 1.2166407083321478e-08
-0.0012218291961435348 6.428906306021083e-09
-0.0009523686967068086 3.381853979654634e-09
-0.0007412765326326712 1.7709113658808826e-09
-0.0005761451400584036 9.230898271627027e-10
-0.0004471528690208093 4.789354082348853e-10
-0.000346536137966699 2.473296404121066e-10
-0.0002681669928677776 1.2712229879624808e-10
-0.00020721550701440226 6.502696489999312e-11
-0.00015988037145377003 3.3103272677692864e-11
-0.0001231742144059828 1.677000932092715e-11
-9.475278158641034e-05 8.453946921145476e-12
-7.277921607021234e-05 4.240608396531117e-12
-5.581638504977861e-05 2.1164964150849605e-12
-4.27415847005634e-05 1.0510069032344378e-12
-3.267907347851979e-05 5.192420706028143e-13
-2.4946787821986075e-05 2.5520414062015766e-13
