-3.5 2.1
-3.465 1.6800000000000002
-3.43035 1.344
-3.3960464999999997 1.0752000000000002
-3.362086035 0.8601600000000001
-3.32846517465 0.6881280000000001
-3.2951805229035 0.5505024000000001
-3.2622287176744647 0.44040192000000006
-3.22960643049772 0.35232153600000005
-3.197310366192743 0.2818572288
-3.165337262530816 0.22548578304000003
-3.1336838899055075 0.18038862643200002
-3.1023470510064524 0.14431090114560002
-3.071323580496388 0.11544872091648002
-3.040610344691424 0.09235897673318402
-3.0102042412445096 0.07388718138654722
-2.9801021988320646 0.05910974510923778
-2.950301176843744 0.04728779608739022
-2.9207981650753068 0.03783023686991217
-2.8915901834245537 0.03026418949592974
-2.862674281590308 0.024211351596743792
-2.834047538774405 0.019369081277395034
-2.805707063386661 0.015495265021916027
-2.7776499927527945 0.012396212017532823
-2.7498734928252664 0.009916969614026258
-2.722374757897014 0.007933575691221006
-2.695151010318044 0.006346860552976804
-2.6681995002148633 0.005077488442381444
-2.6415175052127147 0.004061990753905155
-2.6151023301605876 0.003249592603124124
-2.5889513068589816 0.0025996740824992992
-2.563061793790392 0.002079739265999439
-2.537431175852488 0.0016637914127995515
-2.512056864093963 0.0013310331302396412
-2.4869362954530234 0.001064826504191713
-2.462066932498493 0.0008518612033533704
-2.4374462631735083 0.0006814889626826963
-2.4130718005417733 0.000545191170146157
-2.3889410825363555 0.0004361529361169256
-2.365051671710992 0.00034892234889354046
-2.341401154993882 0.00027913787911483236
-2.3179871434439434 0.00022331030329186588
-2.294807272009504 0.0001786482426334927
-2.2718591992894086 0.00014291859410679416
-2.2491406072965145 0.00011433487528543532
-2.2266492012235495 9.146790022834826e-05
-2.204382709211314 7.31743201826786e-05
-2.182338882119201 5.853945614614288e-05
-2.160515493298009 4.6831564916914306e-05
-2.138910338365029 3.7465251933531445e-05
